 Year  Month  Obs_Days R_North R_South R_Total   S_North S_South S_Total        k
 1929    1       26                      66.95                               0.85
 1929    2       23                      59.20                               0.85
 1929    3       24                      48.41                               0.85
 1929    4       19                      56.50                               0.85
 1929    5       12                      66.87                               0.85
 1929    6       18                      79.14                               0.85
 1929    7       20                      91.76                     78.11     0.85
 1929    8       27                      87.58                     78.33     0.85
 1929    9       15                      52.19                     77.84     0.85
 1929   10       14                      66.36                     76.85     0.85
 1929   11       16                      99.34                     75.41     0.85
 1929   12       19                     159.31                     73.00     0.85
 1930    1       26                      74.25                     68.65     0.75
 1930    2       18                      57.29                     63.31     0.75
 1930    3       16                      38.48                     60.40     0.75
 1930    4       16                      42.66                     58.87     0.75
 1930    5       16                      46.17                     55.40     0.75
 1930    6       19                      42.00                     47.78     0.75
 1930    7       21                      24.68                     39.89     0.75
 1930    8       21                      26.43                     36.68     0.75
 1930    9       23                      43.37                     35.74     0.75
 1930   10       20                      38.47                     35.51     0.75
 1930   11       26                      43.96                     34.75     0.75
 1930   12       22                      31.84                     33.15     0.75
 1931    1       24                      12.49                     32.09     0.65
 1931    2       14                      41.88                     31.58     0.65
 1931    3       22                      31.35                     30.92     0.65
 1931    4       22                      44.20                     29.28     0.65
 1931    5       25                      26.57                     26.94     0.65
 1931    6       19                      23.19                     24.95     0.65
 1931    7       10                      18.00                     24.20     0.65
 1931    8       26                      20.82                     23.02     0.65
 1931    9       12                      33.04                     20.82     0.65
 1931   10       15                       9.45                     18.43     0.65
 1931   11       17                      16.94                     16.42     0.65
 1931   12       23                      11.11                     15.71     0.65
 1932    1       29                      15.20                     15.09     0.65
 1932    2       22                      10.87                     14.16     0.65
 1932    3       19                       9.65                     12.61     0.65
 1932    4       20                       8.32                     11.46     0.65
 1932    5       19                      14.44                     11.06     0.65
 1932    6       11                      18.26                     10.75     0.65
 1932    7       20                       7.96                     10.53     0.65
 1932    8       24                       8.59                     10.70     0.65
 1932    9       14                       8.08                     10.94     0.65
 1932   10       18                       6.86                     10.58     0.65
 1932   11       19                       9.96                      9.76     0.65
 1932   12       22                      10.43                      8.62     0.65
 1933    1       24                      10.81                      7.83     0.65
 1933    2       23                      19.13                      7.28     0.65
 1933    3       20                       7.15                      6.82     0.65
 1933    4       13                       2.20                      6.59     0.65
 1933    5       19                       1.03                      6.09     0.65
 1933    6       16                       4.18                      5.28     0.65
 1933    7       22                       3.22                      4.52     0.65
 1933    8       24                       0.00                      3.70     0.65
 1933    9       22                       5.64                      3.06     0.65
 1933   10       18                       3.90                      3.35     0.65
 1933   11       20                       0.91                      4.61     0.65
 1933   12       25                       0.00                      5.51     0.65
 1934    1       26                       2.95                      5.57     0.65
 1934    2       26                       7.35                      5.86     0.65
 1934    3       18                       3.47                      6.21     0.65
 1934    4       14                      12.81                      6.37     0.65
 1934    5       22                      20.83                      6.77     0.65
 1934    6       16                       5.93                      7.61     0.65
 1934    7        9                       2.96                      9.21     0.65
 1934    8       19                       7.15                     11.04     0.65
 1934    9        7                       6.78                     13.16     0.65
 1934   10       13                       6.60                     14.73     0.65
 1934   11       21                       7.86                     15.66     0.65
 1934   12       18                      13.32                     18.83     0.65
 1935    1       26                      27.89                     23.00     0.70
 1935    2       17                      26.48                     26.15     0.70
 1935    3       22                      35.10                     31.13     0.70
 1935    4       16                      18.99                     38.90     0.70
 1935    5       21                      36.87                     47.47     0.70
 1935    6       13                      65.96                     55.14     0.70
 1935    7       16                      43.05                     60.49     0.70
 1935    8       15                      42.65                     64.50     0.70
 1935    9        8                      90.91                     68.31     0.70
 1935   10       18                     108.81                     72.57     0.70
 1935   11       18                     111.38                     75.98     0.70
 1935   12       20                      93.97                     77.00     0.70
 1936    1       25                      75.59                     77.22     0.55
 1936    2       16                      75.08                     78.76     0.55
 1936    3       18                      77.86                     79.35     0.55
 1936    4       13                      78.40                     77.01     0.55
 1936    5       16                      59.30                     74.15     0.55
 1936    6       16                      67.99                     73.57     0.55
 1936    7       19                      46.43                     75.27     0.55
 1936    8       18                      76.24                     77.97     0.55
 1936    9       20                      71.36                     79.43     0.55
 1936   10       12                      72.23                     79.77     0.55
 1936   11       14                      79.24                     82.11     0.55
 1936   12       20                     112.28                     85.82     0.55
 1937    1       17                      98.08                     91.51     0.60
 1937    2       16                     117.49                     97.70     0.60
 1937    3       13                      70.29                    101.45     0.60
 1937    4       20                      94.17                    104.55     0.60
 1937    5       19                      99.69                    106.47     0.60
 1937    6       14                     116.66                    105.54     0.60
 1937    7       19                     134.43                    104.55     0.60
 1937    8       28                     136.74                    104.80     0.60
 1937    9       17                     100.84                    106.20     0.60
 1937   10       17                     117.04                    108.40     0.60
 1937   11       16                      80.70                    111.29     0.60
 1937   12       26                      88.55                    112.89     0.60
 1938    1       25                      97.94                    114.37     0.60
 1938    2       24                     123.60                    116.35     0.60
 1938    3       15                      97.84                    117.76     0.60
 1938    4       22                     119.35                    119.44     0.60
 1938    5       16                     143.85                    122.48     0.60
 1938    6       14                     110.96                    125.70     0.60
 1938    7       16                     175.69                    126.12     0.60
 1938    8       18                     143.07                    124.17     0.60
 1938    9       20                     128.28                    121.26     0.60
 1938   10       19                     129.98                    120.18     0.60
 1938   11       24                     140.70                    119.55     0.60
 1938   12       24                     105.68                    118.82     0.60
 1939    1       25                      91.08                    116.16     0.60
 1939    2       24                      83.63                    112.49     0.60
 1939    3       25      30.38   37.51   67.90                    111.86     0.60
 1939    4       17      64.06   59.40  123.46                    111.16     0.60
 1939    5       17      64.98   59.54  124.52                    107.54     0.60
 1939    6       17      71.40   41.40  112.80                    102.91     0.60
 1939    7       27      50.29   59.69  109.98                     99.35     0.60
 1939    8       26      57.42   63.28  120.69                     96.96     0.60
 1939    9       23      36.34   99.10  135.44     43.69   53.08   96.77     0.60
 1939   10       17      43.76   62.33  106.09     42.46   52.79   95.25     0.60
 1939   11       19      29.97   47.87   77.84     39.41   51.29   90.70     0.60
 1939   12       22      24.98   32.26   57.25     35.75   51.60   87.35     0.60
 1940    1       31      25.06   29.05   54.12     33.12   51.73   84.84     0.60
 1940    2       25      21.86   41.28   63.14     32.60   50.28   82.88     0.60
 1940    3       26      38.03   45.99   84.02     32.31   47.58   79.89     0.60
 1940    4       23      26.69   44.06   70.75     31.55   43.91   75.46     0.60
 1940    5       27      29.24   38.73   67.98     31.31   41.84   73.14     0.60
 1940    6       26      19.27   69.78   89.05     31.81   41.45   73.26     0.60
 1940    7       28      39.21   34.22   73.44     32.03   41.44   73.47     0.60
 1940    8       25      56.04   54.14  110.18     32.04   40.26   72.30     0.60
 1940    9       23      30.81   43.28   74.09     31.91   38.01   69.92     0.60
 1940   10       21      31.00   30.14   61.14     31.05   35.69   66.74     0.60
 1940   11       21      36.97   30.29   67.26     29.80   33.77   63.57     0.60
 1940   12       25      30.12   40.58   70.70     30.32   30.79   61.10     0.60
 1941    1       28      25.14   20.55   45.69     31.85   28.55   60.40     0.60
 1941    2       23      21.97   21.42   43.38     31.93   27.08   59.00     0.60
 1941    3       19      34.89   11.94   46.83     32.58   24.91   57.49     0.60
 1941    4       20       9.21   22.26   31.47     33.94   23.25   57.20     0.60
 1941    5       20      16.80   14.55   31.35     34.01   21.76   55.78     0.60
 1941    6       15      44.00   22.32   66.32     33.30   20.18   53.48     0.60
 1941    7       15      51.28   28.16   79.44     32.32   19.53   51.85     0.60
 1941    8       23      45.83   24.70   70.54     32.30   19.45   51.76     0.60
 1941    9       13      56.63   20.77   77.40     32.96   19.41   52.37     0.60
 1941   10       26      37.98   12.83   50.82     34.94   19.38   54.32     0.60
 1941   11       14      31.67   11.87   43.54     36.71   18.95   55.66     0.60
 1941   12       23      18.31   20.97   39.29     35.27   17.87   53.14     0.60
 1942    1       29      13.43   24.62   38.05     31.77   16.32   48.09     0.60
 1942    2       19      33.22   15.44   48.66     28.34   14.97   43.30     0.60
 1942    3       21      39.31   16.91   56.23     24.97   13.78   38.75     0.60
 1942    4       24      52.33   16.52   68.85     21.53   13.39   34.92     0.60
 1942    5       23      16.23    9.91   26.14     19.20   13.96   33.15     0.60
 1942    6       18      10.03    1.17   11.20     18.06   14.04   32.10     0.60
 1942    7       25       1.15   12.14   13.30     17.50   12.96   30.46     0.60
 1942    8       22      13.66    8.13   21.79     17.43   11.66   29.09     0.60
 1942    9       21       7.97    9.00   16.97     17.20   10.43   27.63     0.60
 1942   10       22       4.15   15.05   19.20     15.46    9.49   24.95     0.60
 1942   11       21       9.51   23.29   32.80     13.97    8.84   22.81     0.60
 1942   12       20      13.08   11.70   24.78     13.59    8.54   22.12     0.60
 1943    1       10       5.16    7.92   13.08     13.97    8.13   22.10     0.60
 1943    2       13      39.88    1.02   40.89     14.31    7.64   21.95     0.60
 1943    3       22      27.19    1.66   28.85     14.16    7.36   21.52     0.60
 1943    4       20      22.62    9.33   31.95     14.23    6.53   20.75     0.60
 1943    5       20      10.29    1.44   11.73     14.12    5.06   19.18     0.60
 1943    6       18       6.70    2.33    9.03     13.75    3.97   17.72     0.60
 1943    7       23      13.67    1.17   14.84     13.37    3.44   16.81     0.60
 1943    8       27       9.36    7.44   16.80     11.58    3.08   14.66     0.60
 1943    9       15       8.76    2.92   11.68      8.84    3.36   12.20     0.60
 1943   10       19       4.89    1.11    6.00      6.79    3.28   10.07     0.60
 1943   11       24       6.12    2.10    8.23      5.42    2.90    8.32     0.60
 1943   12       21       7.63    6.80   14.43      4.81    2.88    7.69     0.60
 1944    1       22       1.45    0.00    1.45                      6.95     0.60
 1944    2       22       0.60    0.33    0.93                      6.30     0.60
 1944    3       23       0.76    9.00    9.76                      6.12     0.60
 1944    4       20       0.00    0.00    0.00                      6.35     0.60
 1944    5       16       0.00    1.65    1.65                      6.70     0.60
 1944    6       19       2.31    1.80    4.11                      7.14     0.60
 1944    7       25                       2.02                      8.18     0.60
 1944    8       29                      13.97                      9.21     0.60
 1944    9       22                      10.25                      9.99     0.60
 1944   10       21                      12.83                     11.77     0.60
 1944   11       22                       9.71                     14.34     0.60
 1944   12       28                      23.68                     16.77     0.60
 1945    1       22      11.29    5.81   17.10                     19.23     0.60
 1945    2       16       4.91    5.06    9.98                     20.90     0.60
 1945    3       28       2.10   17.27   19.37                     22.28     0.60
 1945    4       25       2.07   31.22   33.29                     25.04     0.70
 1945    5       19       4.83   25.09   29.92                     28.19     0.70
 1945    6       16       5.51   28.74   34.26                     29.45     0.70
 1945    7       20      15.51   15.33   30.84     11.20   19.20   30.40     0.70
 1945    8       23      20.00    5.20   25.20     13.37   20.66   34.03     0.70
 1945    9       14      13.30   18.85   32.15     16.06   22.26   38.31     0.70
 1945   10       14      27.90   29.35   57.25     17.74   23.39   41.13     0.70
 1945   11       21      12.03   28.80   40.83     19.58   24.67   44.25     0.70
 1945   12       28       9.45   13.38   22.82     22.02   25.76   47.78     0.70
 1946    1       26      22.32   18.28   40.60     25.22   27.40   52.62     0.70
 1946    2       22      45.91   27.78   73.69     28.95   30.22   59.17     0.70
 1946    3       19      25.57   32.86   58.43     32.84   32.42   65.26     0.70
 1946    4       18      18.98   42.78   61.76     36.21   34.22   70.43     0.70
 1946    5       12      32.14   44.27   76.42     40.23   37.21   77.44     0.70
 1946    6       22      36.75   35.64   72.39     44.74   41.07   85.81     0.70
 1946    7       25      61.01   47.85  108.86     47.53   45.26   92.79     0.70
 1946    8       27      64.09   40.34  104.43     48.14   51.03   99.17     0.70
 1946    9       19      62.52   36.51   99.03     48.52   58.06  106.58     0.70
 1946   10       22      59.56   55.05  114.61     50.66   64.59  115.26     0.70
 1946   11       20      76.75   74.86  151.62     54.88   70.70  125.58     0.70
 1946   12       26      53.09   59.74  112.83     60.04   75.56  135.59     0.70
 1947    1       22      45.53   72.67  118.20     64.19   78.21  142.40     0.70
 1947    2       26      37.45  111.81  149.26     67.50   81.75  149.25     0.70
 1947    3       25      43.06  117.52  160.58     70.23   86.19  156.42     0.70
 1947    4       28      53.00  114.95  167.95     73.07   89.40  162.47     0.70
 1947    5       23      99.25  118.60  217.85     73.84   90.64  164.48     0.70
 1947    6       15      93.52   77.89  171.41     72.85   91.05  163.90     0.70
 1947    7       27     103.94   69.30  173.24     72.45   91.83  164.28     0.70
 1947    8       29     100.46  103.89  204.35     72.00   90.04  162.05     0.70
 1947    9       15      91.84   79.38  171.22     72.15   85.15  157.30     0.70
 1947   10       18      98.27   89.33  187.60     74.63   82.24  156.87     0.70
 1947   11       25      56.56   70.42  126.98     75.60   81.28  156.88     0.70
 1947   12       27      49.44   73.99  123.43     74.18   80.97  155.15     0.70
 1948    1       26      39.66   77.08  116.74     74.23   81.26  155.49     0.70
 1948    2       26      32.63   64.53   97.17     73.38   82.00  155.38     0.70
 1948    3       23      51.47   47.39   98.85     71.63   84.49  156.12     0.70
 1948    4       22     104.01  115.18  219.20     70.45   85.27  155.72     0.70
 1948    5       19      71.44   95.46  166.89     70.08   83.82  153.90     0.70
 1948    6       18      87.38   93.37  180.76     70.55   83.17  153.73     0.70
 1948    7       27     111.14   61.00  172.15     71.74   83.27  155.01     0.70
 1948    8       24      72.97  129.79  202.77     74.82   85.22  160.04     0.70
 1948    9       17      77.21  113.28  190.48     78.25   88.22  166.47     0.70
 1948   10       20      84.63   74.16  158.79     78.65   87.20  165.86     0.70
 1948   11       23      61.30   50.80  112.09     77.86   83.30  161.17     0.70
 1948   12       23      56.18   78.03  134.22     77.83   79.78  157.61     0.70
 1949    1       27      61.39   75.37  136.76     76.16   78.50  154.66     0.70
 1949    2       21      84.83  112.97  197.80     75.95   76.13  152.08     0.70
 1949    3       23      81.60   70.97  152.57     77.03   72.67  149.70     0.70
 1949    4       25      83.55   67.26  150.81     76.81   71.13  147.94     0.70
 1949    5       23      72.92   49.76  122.68     78.94   70.39  149.33     0.70
 1949    6       17      85.11   54.48  139.59     82.08   69.17  151.25     0.70
 1949    7       27      73.37   69.22  142.59     84.34   65.76  150.10     0.70
 1949    8       28     105.55   64.75  170.30     84.90   59.65  144.55     0.70
 1949    9       19      70.63   95.27  165.90     83.25   54.41  137.65     0.70
 1949   10       20      86.03   55.12  141.15     81.58   52.43  134.01     0.70
 1949   11       18     111.03   52.11  163.14     81.24   51.51  132.75     0.70
 1949   12       25      81.79   47.38  129.16     80.36   50.15  130.52     0.70
 1950    1       25      89.96   24.39  114.35     78.44   47.51  125.96     0.70
 1950    2       25      69.66   17.25   86.91     75.34   45.43  120.77     0.70
 1950    3       26      57.16   40.79   97.95     71.52   41.84  113.35     0.70
 1950    4       23      67.90   50.13  118.03     67.55   38.10  105.65     0.70
 1950    5       21      80.50   44.77  125.27     61.78   36.12   97.90     0.70
 1950    6       17      56.45   26.89   83.34     56.60   33.93   90.53     0.70
 1950    7       30      55.95   33.44   89.39     52.24   32.71   84.95     0.70
 1950    8       22      48.40   50.56   98.95     48.35   32.34   80.69     0.70
 1950    9       26      36.08   23.23   59.31     45.71   31.16   76.87     0.70
 1950   10       22      25.39   37.39   62.78     43.67   29.88   73.54     0.70
 1950   11       21      33.30   22.33   55.63     42.09   29.11   71.20     0.70
 1950   12       29      35.02   24.64   59.67     41.12   28.96   70.08     0.70
 1951    1       26      32.22   17.80   50.02     39.46   29.60   69.06     0.65
 1951    2       22      33.98   14.92   48.90     37.48   29.24   66.72     0.65
 1951    3       29      29.52   14.88   44.40     37.74   28.47   66.20     0.65
 1951    4       21      46.46   45.22   91.68     38.50   27.68   66.18     0.65
 1951    5       25      64.19   31.15   95.34     38.36   27.00   65.35     0.65
 1951    6       22      49.40   36.96   86.36     37.92   26.35   64.27     0.65
 1951    7       22      23.07   38.79   61.87     37.29   25.43   62.71     0.65
 1951    8       28      33.92   36.52   70.43     35.85   25.03   60.88     0.65
 1951    9       21      56.61   18.76   75.37     33.53   25.03   58.56     0.65
 1951   10       23      23.09   23.00   46.09     31.20   23.61   54.81     0.65
 1951   11       26      32.27   20.25   52.52     27.50   21.50   49.01     0.65
 1951   12       30      25.59   11.20   36.79     23.47   20.23   43.71     0.65
 1952    1       27      26.41    9.20   35.61     21.39   18.99   40.38     0.65
 1952    2       20       5.43   13.94   19.37     20.61   17.84   38.45     0.65
 1952    3       24       2.27   15.87   18.15     18.54   17.17   35.71     0.65
 1952    4       23      17.72   10.23   27.95     16.50   16.23   32.73     0.65
 1952    5       28       4.34   15.46   19.80     15.63   14.81   30.45     0.65
 1952    6       21      12.50   22.19   34.70     14.55   14.30   28.85     0.65
 1952    7       26       9.88   23.82   33.70     13.67   14.42   28.09     0.65
 1952    8       29      28.51   23.85   52.36     13.14   13.88   27.02     0.65
 1952    9       25      12.25   15.29   27.53     13.14   12.78   25.91     0.65
 1952   10       25      18.51    4.00   22.52     13.22   12.07   25.29     0.65
 1952   11       23      16.08    5.17   21.25     13.59   11.27   24.86     0.65
 1952   12       26      15.80   13.92   29.72     13.97    9.92   23.89     0.65
 1953    1       29      15.08    9.39   24.48     13.59    8.46   22.05     0.65
 1953    2       23       4.10    0.73    4.83     12.80    6.88   19.68     0.65
 1953    3       24       3.47    2.65    6.12     12.41    5.61   18.02     0.65
 1953    4       27      18.42    6.52   24.94     11.66    5.28   16.95     0.65
 1953    5       22      12.59    0.00   12.59     10.25    5.27   15.52     0.65
 1953    6       19      13.31    5.17   18.47      8.94    4.62   13.55     0.65
 1953    7       23       0.00    5.77    5.77      7.69    3.73   11.42     0.65
 1953    8       22      19.38    4.08   23.46      6.94    3.32   10.25     0.65
 1953    9       22      12.11    4.55   16.66      6.66    3.60   10.26     0.65
 1953   10       25       0.73    6.89    7.62      5.77    3.76    9.53     0.65
 1953   11       24       0.00    1.90    1.90      4.52    3.61    8.13     0.65
 1953   12       26       0.30    1.60    1.90      3.48    3.39    6.87     0.65
 1954    1       22       0.71    0.32    1.03      3.09    2.94    6.02     0.65
 1954    2       24       0.35    0.00    0.35      2.60    2.73    5.34     0.65
 1954    3       23       0.57   10.23   10.80      1.49    2.59    4.08     0.65
 1954    4       25       0.00    2.78    2.78      1.19    2.24    3.43     0.65
 1954    5       25       0.99    0.00    0.99      1.56    2.19    3.75     0.65
 1954    6       14       0.00    0.00    0.00      1.97    2.31    4.28     0.65
 1954    7       26       3.85    0.00    3.85      2.80    2.63    5.43     0.65
 1954    8       27       3.90    4.96    8.86      4.07    3.13    7.20     0.65
 1954    9       27       0.84    0.26    1.11      4.86    2.99    7.85     0.65
 1954   10       21       4.89    2.79    7.68      5.44    2.68    8.11     0.65
 1954   11       24       4.66    4.87    9.53      6.75    2.85    9.59     0.65
 1954   12       28       5.41    1.44    6.85      8.03    3.48   11.51     0.65
 1955    1       30      15.53    8.21   23.75      9.03    4.29   13.31     0.65
 1955    2       26      16.07    4.07   20.15     10.60    5.05   15.64     0.65
 1955    3       18       3.79    2.82    6.61     12.65    6.29   18.94     0.65
 1955    4       19      10.57    2.57   13.14     15.11    7.82   22.94     0.65
 1955    5       26      21.90    4.30   26.20     18.42    9.74   28.15     0.65
 1955    6       24       9.91   10.97   20.88     21.98   11.96   33.94     0.65
 1955    7       28      17.83    8.33   26.16     24.36   13.75   38.11     0.65
 1955    8       27      27.56   14.95   42.51     27.32   15.78   43.10     0.65
 1955    9       20      26.42   20.08   46.51     32.27   18.90   51.16     0.65
 1955   10       17      38.50   19.69   58.19     37.60   22.63   60.24     0.65
 1955   11       27      50.36   33.90   84.26     41.88   26.90   68.78     0.65
 1955   12       28      45.11   25.77   70.87     45.53   30.82   76.35     0.65
 1956    1       24      33.12   26.84   59.96     49.78   33.83   83.61     0.65
 1956    2       25      69.50   34.19  103.69     54.51   37.35   91.86     0.65
 1956    3       22      68.99   47.60  116.59     59.00   41.55  100.55     0.65
 1956    4       25      73.53   47.32  120.85     62.20   45.64  107.85     0.65
 1956    5       19      61.61   61.99  123.60     64.00   50.82  114.83     0.65
 1956    6       23      57.82   47.28  105.10     65.64   56.17  121.82     0.65
 1956    7       20      71.89   44.30  116.19     67.76   59.96  127.72     0.65
 1956    8       23      87.02   63.47  150.49     67.66   62.69  130.36     0.65
 1956    9       20      74.68   72.38  147.06     65.61   65.03  130.65     0.65
 1956   10       18      67.13   65.69  132.82     64.06   67.84  131.90     0.65
 1956   11       23      64.89  112.22  177.11     63.45   70.50  133.95     0.65
 1956   12       30      70.00   75.79  145.79     63.79   73.72  137.51     0.65
 1957    1       24      59.07   67.65  126.72     64.82   77.03  141.85     0.65
 1957    2       19      41.19   59.01  100.20     65.34   78.23  143.57     0.65
 1957    3       27      48.03   79.01  127.04     68.12   77.60  145.72     0.65
 1957    4       18      57.13   83.27  140.40     73.78   78.38  152.15     0.65
 1957    5       21      63.45   89.89  153.34     77.91   79.38  157.29     0.65
 1957    6       16      64.23   96.57  160.79     80.88   80.49  161.37     0.65
 1957    7       18      90.21   74.57  164.77     83.90   82.78  166.68     0.65
 1957    8       30      81.16   61.84  143.00     86.17   84.57  170.74     0.65
 1957    9       12     147.12   59.10  206.21     88.96   85.04  174.00     0.65
 1957   10       21     130.53   97.56  228.09     93.07   84.07  177.14     0.65
 1957   11       21     100.75  104.34  205.09     96.07   82.87  178.94     0.65
 1957   12       26     105.30  110.42  215.72     98.65   80.61  179.26     0.65
 1958    1       26      96.30   88.00  184.30    101.04   79.13  180.18     0.65
 1958    2       22      58.50   81.57  140.07    103.04   80.64  183.68     0.65
 1958    3       23      97.73   67.60  165.33    102.14   84.33  186.47     0.65
 1958    4       18     105.91   71.57  177.49     97.49   86.25  183.73     0.65
 1958    5       22      86.80   72.74  159.55     93.21   84.15  177.36     0.65
 1958    6       21     102.79   59.37  162.16     90.89   81.70  172.59     0.65
 1958    7       16     109.04   76.42  185.45     91.79   79.70  171.49     0.65
 1958    8       22     110.35   96.05  206.40     94.54   75.82  170.36     0.65
 1958    9       20      96.20  113.59  209.79     96.35   72.14  168.49     0.65
 1958   10       17      69.78   89.01  158.79     97.04   69.60  166.64     0.65
 1958   11       19      58.94   62.61  121.55     98.28   66.92  165.20     0.65
 1958   12       27      91.29   93.38  184.67     99.88   65.26  165.14     0.65
 1959    1       26     132.02   56.97  189.00    100.86   62.52  163.39     0.65
 1959    2       18      88.80   19.46  108.26    103.11   58.26  161.37     0.65
 1959    3       19     110.77   41.33  152.10    104.77   53.84  158.61     0.65
 1959    4       20     109.43   37.02  146.44    104.20   49.67  153.87     0.65
 1959    5       23     113.16   42.96  156.11    104.60   46.54  151.14     0.65
 1959    6       16     114.68   49.28  163.96    105.86   41.97  147.83     0.65
 1959    7       20     120.80   20.86  141.67    104.52   38.51  143.03     0.65
 1959    8       23     152.64   49.20  201.84    101.72   38.96  140.69     0.65
 1959    9       18      93.53   54.42  147.95     98.48   39.72  138.20     0.65
 1959   10       17      58.96   48.10  107.06     94.38   40.47  134.84     0.65
 1959   11       20      79.36   28.27  107.64     90.48   41.26  131.74     0.65
 1959   12       25     101.06   18.23  119.29     86.90   40.71  127.60     0.65
 1960    1       26      90.03   48.96  138.99     84.21   40.69  124.90     0.72
 1960    2       24      63.72   38.37  102.09     79.80   41.47  121.27     0.72
 1960    3       24      58.02   40.56   98.58     75.40   42.31  117.72     0.72
 1960    4       18      63.68   55.76  119.44     73.55   42.26  115.81     0.72
 1960    5       22      65.39   43.36  108.75     72.04   41.51  113.55     0.72
 1960    6       18      76.44   35.52  111.96     69.24   42.13  111.36     0.72
 1960    7       25      94.61   34.21  128.82     64.71   41.65  106.36     0.72
 1960    8       25      72.86   54.55  127.41     60.30   39.71  100.00     0.72
 1960    9       20      67.90   69.30  137.20     56.90   38.09   95.00     0.72
 1960   10       20      40.14   31.90   72.04     53.86   36.58   90.43     0.72
 1960   11       22      61.85   26.61   88.46     51.01   34.36   85.37     0.72
 1960   12       26      51.40   34.59   85.98     48.44   32.94   81.38     0.72
 1961    1       26      31.02   21.10   52.12     45.25   32.42   77.67     0.72
 1961    2       22      16.82   19.64   36.46     42.31   30.06   72.37     0.72
 1961    3       23      23.48   20.57   44.05     40.23   25.94   66.17     0.72
 1961    4       23      25.11   39.38   64.49     38.77   22.53   61.31     0.72
 1961    5       24      35.52    6.57   42.09     36.85   20.65   57.51     0.72
 1961    6       20      44.78   38.23   83.02     34.21   18.73   52.95     0.72
 1961    7       26      49.62   19.05   68.68     32.98   16.93   49.92     0.72
 1961    8       23      47.30   13.05   60.35     33.35   15.91   49.26     0.72
 1961    9       24      43.50   11.82   55.32     33.99   15.08   49.07     0.72
 1961   10       15      29.62    7.68   37.30     34.55   13.28   47.83     0.72
 1961   11       23      26.30    5.73   32.02     34.44   12.37   46.81     0.72
 1961   12       28      23.61    9.36   32.97     32.93   11.92   44.85     0.72
 1962    1       27      29.25    3.15   32.40     30.32   10.64   40.96     0.72
 1962    2       24      27.36   12.99   40.35     27.28    9.75   37.03     0.72
 1962    3       24      28.23    7.38   35.61     25.46    9.17   34.63     0.72
 1962    4       23      33.97    9.27   43.23     25.06    9.04   34.09     0.72
 1962    5       21      23.93   14.88   38.81     24.34    9.33   33.67     0.72
 1962    6       15      20.21   19.06   39.26     23.32    9.48   32.81     0.72
 1962    7       20      11.52    7.60   19.12     22.50    9.36   31.86     0.72
 1962    8       28      12.47    3.21   15.69     21.47    9.08   30.55     0.72
 1962    9       24      34.74    7.62   42.36     20.23    8.63   28.86     0.72
 1962   10       21      28.56    8.78   37.34     18.46    8.71   27.17     0.72
 1962   11       17      10.16   11.52   21.68     17.41    8.62   26.03     0.72
 1962   12       28      15.33    7.33   22.65     17.64    7.60   25.24     0.72
 1963    1       30      17.83    2.16   19.99     18.07    6.66   24.73     0.72
 1963    2       26      14.07    7.23   21.30     18.56    6.67   25.23     0.72
 1963    3       25      11.64    2.51   14.14     18.55    7.05   25.61     0.72
 1963    4       25       8.12   16.10   24.22     18.34    6.82   25.16     0.72
 1963    5       17      24.65    5.76   30.41     18.77    6.09   24.87     0.72
 1963    6       17      25.07    3.73   28.80     18.74    5.52   24.26     0.72
 1963    7       25      16.91    0.32   17.22     18.01    5.44   23.46     0.72
 1963    8       28      18.75   10.83   29.57     17.55    5.35   22.91     0.72
 1963    9       19      28.35    9.17   37.52     17.40    5.22   22.61     0.72
 1963   10       20      29.77    1.66   31.43     17.13    4.75   21.89     0.72
 1963   11       27      19.47    1.15   20.61     16.11    4.11   20.22     0.72
 1963   12       29       5.24    3.87    9.11     14.69    3.81   18.50     0.72
 1964    1       22      10.44    3.86   14.30     13.39    3.66   17.05     0.72
 1964    2       22      10.37    3.40   13.78     12.40    3.20   15.60     0.72
 1964    3       24      11.61    3.06   14.67     11.10    2.36   13.47     0.72
 1964    4       17       1.86    4.40    6.27      9.07    1.95   11.02     0.72
 1964    5       27       6.43    1.89    8.32      7.36    1.92    9.27     0.72
 1964    6       17       9.11    0.47    9.57      6.85    2.01    8.86     0.72
 1964    7       18       1.68    0.00    1.68      7.24    1.94    9.19     0.72
 1964    8       27      10.24    0.00   10.24      7.59    1.74    9.33     0.72
 1964    9       18       5.72    0.00    5.72      7.56    1.60    9.16     0.72
 1964   10       21       3.57    0.86    4.42      7.51    1.38    8.90     0.72
 1964   11       29       4.54    1.27    5.81      8.32    1.20    9.51     0.72
 1964   12       25       7.95    5.90   13.85      8.95    1.38   10.33     0.72
 1965    1       30      17.28    0.29   17.57      9.07    1.63   10.70     0.72
 1965    2       24      11.76    2.13   13.89      9.14    1.71   10.85     0.72
 1965    3       28       9.57    0.90   10.47      9.33    1.86   11.19     0.72
 1965    4       14       2.78    1.39    4.17     10.23    2.15   12.38     0.72
 1965    5       22      24.87    0.39   25.27     11.17    2.34   13.50     0.72
 1965    6       27       5.81    6.45   12.27     11.83    2.16   13.99     0.72
 1965    7       20       7.78    0.00    7.78     11.99    2.25   14.23     0.72
 1965    8       29       5.81    1.86    7.67     12.13    2.40   14.53     0.72
 1965    9       18      14.80    1.84   16.64     12.88    2.28   15.15     0.72
 1965   10       27      15.95    5.92   21.87     14.97    2.21   17.18     0.72
 1965   11       26      14.76    0.66   15.42     16.69    2.35   19.04     0.72
 1965   12       22      13.75    2.16   15.91     18.25    2.49   20.75     0.72
 1966    1       26      15.15    6.20   21.35     21.16    2.79   23.96     0.72
 1966    2       23      17.22    0.00   17.22     24.75    3.13   27.89     0.72
 1966    3       20      22.14    0.00   22.14     27.62    3.37   31.00     0.72
 1966    4       22      40.39    0.75   41.14     29.80    3.75   33.55     0.72
 1966    5       25      28.68    4.23   32.92     32.82    4.00   36.82     0.72
 1966    6       22      39.40    6.15   45.56     35.76    4.91   40.67     0.72
 1966    7       22      44.05    7.46   51.51     39.52    6.71   46.23     0.72
 1966    8       24      55.71    2.58   58.29     43.85    8.77   52.62     0.72
 1966    9       24      33.81    6.87   40.68     48.20   11.62   59.82     0.72
 1966   10       26      49.15    9.97   59.12     50.72   14.94   65.67     0.72
 1966   11       26      53.97    2.63   56.60     52.11   17.85   69.96     0.72
 1966   12       28      45.26   21.86   67.11     54.21   19.83   74.04     0.72
 1967    1       27      73.81   29.71  103.52     55.18   21.64   76.82     0.72
 1967    2       21      62.40   26.09   88.49     56.20   24.01   80.21     0.72
 1967    3       24      81.45   42.27  123.72     57.56   26.30   83.86     0.72
 1967    4       18      41.56   38.24   79.80     58.47   28.10   86.57     0.72
 1967    5       27      60.75   36.56   97.31     58.49   30.23   88.72     0.72
 1967    6       24      57.90   21.18   79.08     58.76   33.13   91.89     0.72
 1967    7       21      48.75   35.90   84.65     58.74   35.91   94.65     0.72
 1967    8       24      75.48   31.05  106.53     58.53   38.04   96.57     0.72
 1967    9       17      46.76   33.42   80.17     57.17   38.64   95.82     0.72
 1967   10       21      57.84   26.67   84.51     55.34   38.14   93.48     0.72
 1967   11       20      45.83   36.97   82.80     56.26   38.19   94.45     0.72
 1967   12       26      59.98   57.10  117.08     57.18   39.74   96.91     0.72
 1968    1       29      58.62   61.18  119.79     57.34   40.94   98.28     0.72
 1968    2       25      72.43   45.82  118.25     56.68   42.24   98.92     0.72
 1968    3       21      38.88   37.03   75.91     55.83   44.29  100.12     0.72
 1968    4       24      40.11   31.47   71.58     55.57   45.69  101.26     0.72
 1968    5       21      84.27   44.47  128.74     55.04   46.46  101.50     0.72
 1968    6       25      56.42   50.37  106.79     54.20   46.26  100.46     0.72
 1968    7       20      54.14   35.64   89.78     53.61   44.78   98.39     0.72
 1968    8       19      54.23   62.49  116.72     53.15   43.16   96.31     0.72
 1968    9       20      47.77   51.01   98.78     54.65   43.49   98.14     0.72
 1968   10       16      50.49   42.89   93.38     57.54   44.51  102.06     0.72
 1968   11       27      40.48   39.07   79.55     57.51   45.05  102.56     0.72
 1968   12       20      45.11   50.33   95.44     57.12   44.75  101.87     0.72
 1969    1       22      59.43   32.33   91.77     57.02   44.12  101.14     0.72
 1969    2       17      60.48   35.79   96.27     56.02   43.45   99.47     0.72
 1969    3       21      86.78   55.10  141.87     55.63   42.65   98.27     0.72
 1969    4       22      61.69   37.90   99.59     56.09   42.24   98.32     0.72
 1969    5       24      61.89   50.97  112.86     58.12   41.32   99.44     0.72
 1969    6       19      69.39   36.64  106.03     59.74   40.80  100.54     0.72
 1969    7       19      38.88   34.11   72.99     58.39   43.30  101.69     0.72
 1969    8       27      45.52   48.00   93.52     55.95   47.89  103.83     0.72
 1969    9       20      47.02   46.30   93.31     53.55   49.98  103.54     0.72
 1969   10       20      62.28   37.73  100.01     51.85   50.83  102.68     0.72
 1969   11       23      77.45   22.35   99.80     51.87   52.82  104.69     0.72
 1969   12       28      47.11   54.49  101.60     51.26   53.66  104.91     0.72
 1970    1       26      25.01   88.14  113.15     52.27   53.91  106.18     0.72
 1970    2       22      36.26   90.03  126.29     55.25   53.62  108.87     0.72
 1970    3       25      53.57   51.12  104.69     58.05   52.73  110.78     0.72
 1970    4       17      54.00   62.30  116.30     61.12   52.37  113.49     0.72
 1970    5       20      70.13   74.20  144.32     62.69   53.47  116.15     0.72
 1970    6       12      46.32   33.60   79.92     64.64   54.25  118.89     0.72
 1970    7       16      86.36   43.25  129.60     68.10   52.44  120.54     0.72
 1970    8       26      69.56   31.87  101.44     70.63   49.30  119.93     0.72
 1970    9       16      90.14   40.95  131.09     70.20   47.33  117.53     0.72
 1970   10       16      92.79   34.60  127.40     68.74   46.45  115.19     0.72
 1970   11       22      84.60   51.71  136.31     67.99   43.09  111.07     0.72
 1970   12       20      86.90   43.88  130.79     66.98   40.37  107.34     0.72
 1971    1       27      68.24   55.39  123.63     64.78   40.45  105.23     0.72
 1971    2       21      53.76   47.31  101.07     61.31   41.23  102.54     0.72
 1971    3       26      25.64   46.63   72.28     56.43   41.47   97.90     0.72
 1971    4       20      46.80   45.68   92.48     51.36   40.39   91.75     0.72
 1971    5       19      59.34   10.08   69.42     46.78   39.88   86.66     0.72
 1971    6       19      32.82   32.51   65.33     42.17   40.80   82.96     0.72
 1971    7       24      47.07   46.38   93.45     38.08   41.49   79.57     0.72
 1971    8       25      25.57   47.38   72.95     35.86   42.01   77.87     0.72
 1971    9       16      17.15   31.14   48.29     36.46   42.94   79.40     0.72
 1971   10       20      44.06   18.61   62.68     36.21   43.67   79.89     0.72
 1971   11       22      23.50   55.34   78.84     33.99   45.59   79.58     0.72
 1971   12       25      37.18   62.29   99.48     32.91   48.58   81.49     0.72
 1972    1       23      19.78   53.72   73.50     33.06   50.45   83.51     0.72
 1972    2       14      49.11   61.41  110.52     33.84   50.93   84.77     0.72
 1972    3       23      44.61   54.81   99.42     35.09   51.94   87.04     0.72
 1972    4       21      21.87   55.13   77.01     34.63   54.70   89.33     0.72
 1972    5       24      30.93   46.74   77.67     32.90   56.11   89.01     0.72
 1972    6       19      35.24   67.57  102.81     31.74   54.15   85.88     0.72
 1972    7       21      48.31   56.06  104.37     31.64   50.99   82.63     0.72
 1972    8       29      42.98   49.38   92.36     31.07   47.83   78.90     0.72
 1972    9       23      29.93   53.41   83.33     29.32   45.20   74.52     0.72
 1972   10       23      20.16   62.58   82.74     28.46   44.05   72.51     0.72
 1972   11       24       6.00   45.00   51.00     27.94   43.22   71.15     0.72
 1972   12       25      26.64   25.60   52.24     26.65   40.86   67.50     0.72
 1973    1       26      28.02   14.76   42.78     24.58   37.51   62.09     0.72
 1973    2       25      27.22   24.36   51.58     22.41   34.19   56.60     0.72
 1973    3       26      24.51   28.86   53.36     21.96   31.87   53.83     0.72
 1973    4       20      21.31   53.42   74.74     22.41   29.61   52.02     0.72
 1973    5       23      18.97   28.46   47.43     22.59   27.04   49.63     0.72
 1973    6       17      16.18   29.22   45.40     21.95   25.64   47.59     0.72
 1973    7       24      17.73   14.19   31.92     20.36   25.51   45.87     0.72
 1973    8       27      21.60   11.39   32.99     18.68   25.67   44.35     0.72
 1973    9       22      40.45   35.74   76.19     17.22   24.92   42.14     0.72
 1973   10       19      20.43   26.15   46.57     16.02   23.50   39.52     0.72
 1973   11       27      10.00   19.60   29.60     14.97   23.27   38.24     0.72
 1973   12       30       7.30   17.50   24.79     14.41   23.54   37.95     0.72
 1974    1       29       9.16   19.74   28.90     13.54   25.04   38.58     0.72
 1974    2       23       5.79   23.13   28.93     12.26   27.61   39.87     0.72
 1974    3       25      10.94   12.04   22.98     10.72   28.09   38.81     0.72
 1974    4       25       6.08   36.26   42.34     10.58   27.50   38.09     0.72
 1974    5       26       8.89   40.13   49.02     12.00   26.59   38.60     0.72
 1974    6       19      12.96   24.06   37.02     12.96   25.26   38.21     0.72
 1974    7       14       0.00   55.34   55.34     13.64   23.91   37.55     0.72
 1974    8       28       8.74   31.81   40.55     13.99   22.42   36.41     0.72
 1974    9       20      16.24   26.89   43.13     13.78   21.41   35.19     0.72
 1974   10       23      41.42   20.94   62.36     13.47   19.73   33.20     0.72
 1974   11       27      23.07    2.96   26.03     13.11   16.85   29.96     0.72
 1974   12       26      17.11    2.05   19.16     12.41   14.65   27.07     0.72
 1975    1       24      15.69    2.97   18.66     12.81   12.14   24.94     0.72
 1975    2       23       7.64    4.04   11.68     15.05    9.38   24.44     0.72
 1975    3       27       4.08    7.01   11.09     16.51    7.55   24.06     0.72
 1975    4       19       5.61    0.87    6.48     15.18    5.99   21.16     0.72
 1975    5       27       0.72    6.35    7.07     13.27    5.50   18.77     0.72
 1975    6       19       4.32    5.15    9.47     12.17    5.82   17.99     0.72
 1975    7       25      18.14   13.82   31.97     11.03    6.16   17.19     0.72
 1975    8       27      44.40    7.31   51.71     10.09    6.43   16.52     0.72
 1975    9       24      15.66    7.29   22.95     10.03    6.62   16.65     0.72
 1975   10       17       9.91    3.09   13.00     10.46    7.11   17.57     0.72
 1975   11       21       8.88    9.09   17.97     10.80    7.55   18.35     0.72
 1975   12       28       4.96    3.55    8.51     11.09    7.72   18.81     0.72
 1976    1       29       0.30    9.73   10.03     10.54    7.19   17.74     0.72
 1976    2       20       0.47    3.82    4.28      8.42    6.77   15.19     0.72
 1976    3       24       9.87   11.64   21.51      6.67    6.84   13.51     0.72
 1976    4       20      10.15    8.06   18.22      6.36    7.22   13.58     0.72
 1976    5       21       4.29    9.84   14.13      6.23    7.27   13.50     0.72
 1976    6       22       7.79    5.63   13.42      6.28    7.01   13.30     0.72
 1976    7       23       1.50    0.75    2.25      6.78    7.12   13.90     0.72
 1976    8       24      10.23   10.08   20.31      7.48    7.43   14.91     0.72
 1976    9       22       7.72    6.28   14.01      7.84    7.34   15.18     0.72
 1976   10       22      10.37   13.32   23.69      7.44    7.16   14.60     0.72
 1976   11       22       5.30    0.00    5.30      7.34    7.40   14.75     0.72
 1976   12       26       9.89    6.45   16.34      7.93    8.08   16.01     0.72
 1977    1       25       7.14    9.39   16.53      8.91    9.01   17.92     0.72
 1977    2       23      10.49   11.68   22.16     10.08    9.32   19.40     0.72
 1977    3       22       8.48    1.57   10.05     12.17    9.49   21.67     0.72
 1977    4       25       1.99   13.71   15.70     15.05    9.66   24.71     0.72
 1977    5       25      10.17   10.11   20.28     17.29   10.11   27.40     0.72
 1977    6       17      16.01   21.56   37.57     18.75   11.33   30.08     0.72
 1977    7       28      16.84    7.23   24.07     20.35   12.87   33.21     0.72
 1977    8       19      22.93   11.07   33.99     24.14   14.43   38.57     0.72
 1977    9       23      45.23    9.42   54.66     28.77   16.65   45.42     0.72
 1977   10       22      41.96   14.17   56.13     34.05   19.34   53.38     0.72
 1977   11       21      27.36   10.05   37.41     39.89   21.82   61.71     0.72
 1977   12       27      22.93   25.55   48.48     44.72   23.52   68.25     0.72
 1978    1       26      32.40   27.19   59.59     48.78   24.91   73.69     0.72
 1978    2       22      76.35   31.35  107.71     51.06   26.88   77.95     0.72
 1978    3       26      53.75   35.14   88.89     53.72   30.66   84.38     0.72
 1978    4       20      83.23   44.71  127.94     57.23   35.87   93.10     0.72
 1978    5       19      69.12   38.80  107.92     59.40   40.81  100.21     0.72
 1978    6       22      73.15   33.61  106.76     61.52   46.01  107.53     0.72
 1978    7       28      57.16   28.39   85.55     65.42   52.36  117.79     0.72
 1978    8       30      37.32   37.30   74.62     68.85   58.02  126.87     0.72
 1978    9       16      94.68   73.80  168.48     71.03   62.05  133.08     0.72
 1978   10       25      76.67   74.91  151.57     71.36   64.05  135.41     0.72
 1978   11       26      44.83   67.87  112.71     71.35   65.17  136.52     0.72
 1978   12       24      56.13   92.55  148.68     73.09   67.32  140.41     0.72
 1979    1       26      92.96  112.68  205.64     76.07   69.77  145.85     0.72
 1979    2       22      98.05   81.52  179.57     79.95   72.01  151.97     0.72
 1979    3       24      84.30   81.72  166.02     83.31   72.15  155.46     0.72
 1979    4       21      60.69   46.25  106.94     87.48   71.31  158.79     0.72
 1979    5       25      91.44   64.14  155.58     92.50   72.73  165.23     0.72
 1979    6       22      92.65   59.69  152.35     95.08   75.62  170.70     0.72
 1979    7       20     109.12   61.31  170.42     94.50   75.42  169.92     0.72
 1979    8       25      78.57   58.15  136.71     92.72   73.38  166.10     0.72
 1979    9       21     133.99   56.23  190.22     90.56   72.09  162.66     0.72
 1979   10       22     137.45   72.20  209.65     89.64   72.34  161.98     0.72
 1979   11       18     104.48  104.68  209.16     88.16   76.37  164.52     0.72
 1979   12       29      58.42  125.23  183.65     85.34   81.33  166.67     0.72
 1980    1       26      76.76   75.07  151.84     82.51   84.96  167.47     0.72
 1980    2       27      71.60   70.19  141.79     81.46   87.01  168.47     0.72
 1980    3       21      58.87   62.26  121.13     80.34   87.91  168.25     0.72
 1980    4       21      64.08   71.55  135.63     76.78   88.70  165.48     0.72
 1980    5       22      52.33  135.52  187.85     75.35   87.27  162.62     0.72
 1980    6       18      64.20  107.36  171.56     77.38   83.89  161.27     0.72
 1980    7       16      69.62  100.85  170.46     78.93   81.89  160.82     0.72
 1980    8       13      92.94   67.85  160.78     79.52   81.71  161.23     0.72
 1980    9       16      92.75   68.04  160.79     81.72   82.15  163.87     0.72
 1980   10       22      93.17   79.43  172.60     86.85   81.26  168.11     0.72
 1980   11       20     114.37   63.18  177.55     93.39   76.48  169.87     0.72
 1980   12       27      97.31   85.60  182.91     96.05   70.50  166.54     0.72
 1981    1       28      75.16   66.52  141.69     95.89   68.49  164.38     0.72
 1981    2       21      87.26   74.54  161.79     95.29   71.03  166.32     0.72
 1981    3       24      96.03   68.49  164.52     95.01   74.41  169.42     0.72
 1981    4       20     150.05   43.88  193.93     94.08   76.71  170.79     0.72
 1981    5       20     123.44   48.46  171.90     90.95   78.74  169.68     0.72
 1981    6       16      56.75   50.90  107.64     88.53   79.41  167.93     0.72
 1981    7       26      73.38  109.16  182.55     87.00   79.48  166.47     0.72
 1981    8       28      74.70  120.50  195.20     85.67   80.91  166.58     0.72
 1981    9       22     104.24   96.58  200.81     84.56   83.12  167.68     0.72
 1981   10       24      59.31  106.08  165.39     81.12   85.10  166.22     0.72
 1981   11       19      73.10   85.11  158.21     74.66   86.60  161.26     0.72
 1981   12       27      80.53   79.73  160.27     72.16   87.81  159.97     0.72
 1982    1       27      55.20   74.05  129.25     72.85   86.00  158.85     0.72
 1982    2       25      75.34  101.38  176.72     73.15   81.32  154.47     0.72
 1982    3       24      81.21   94.80  176.01     72.76   78.13  150.89     0.72
 1982    4       23      82.33   65.11  147.44     71.82   75.36  147.18     0.72
 1982    5       27      36.16   63.25   99.41     70.58   73.00  143.58     0.72
 1982    6       19      84.13   64.91  149.04     68.00   72.92  140.93     0.72
 1982    7       19      62.64   51.73  114.37     65.99   73.10  139.09     0.72
 1982    8       25      92.53   65.64  158.17     62.63   70.89  133.52     0.72
 1982    9       17      76.96   75.05  152.00     57.20   68.19  125.39     0.72
 1982   10       24      64.05   61.11  125.16     51.54   67.98  119.52     0.72
 1982   11       22      38.65   73.34  111.99     48.43   69.51  117.93     0.72
 1982   12       23      53.15   89.72  142.87     45.85   71.27  117.12     0.72
 1983    1       26      34.20   68.32  102.52     42.29   73.01  115.30     0.72
 1983    2       25      15.84   54.03   69.87     37.87   74.89  112.76     0.72
 1983    3       21      10.25   77.45   87.70     32.55   74.55  107.10     0.72
 1983    4       21      17.45   77.42   94.87     28.80   71.97  100.77     0.72
 1983    5       28      26.33   87.51  113.84     26.00   68.71   94.70     0.72
 1983    6       23      32.09   82.99  115.07     23.22   64.23   87.45     0.72
 1983    7       18      29.36   75.28  104.64     21.80   60.63   82.43     0.72
 1983    8       20      19.80   87.26  107.06     22.78   59.81   82.59     0.72
 1983    9       16      21.78   45.32   67.10     24.68   59.87   84.55     0.72
 1983   10       25      29.29   28.89   58.18     25.69   59.16   84.85     0.72
 1983   11       26       6.20   27.25   33.45     25.46   58.10   83.56     0.72
 1983   12       28      19.05   28.39   47.44     24.59   55.74   80.33     0.72
 1984    1       24      34.05   43.29   77.34     23.76   52.29   76.05     0.72
 1984    2       25      39.63   59.36   98.99     23.29   47.78   71.06     0.72
 1984    3       26      31.96   73.66  105.62     22.58   43.55   66.12     0.72
 1984    4       23      20.00   64.14   84.15     21.10   41.10   62.20     0.72
 1984    5       21      18.31   75.26   93.57     20.19   39.42   59.61     0.72
 1984    6       17      19.27   38.58   57.85     19.70   38.32   58.02     0.72
 1984    7       24      22.11   36.93   59.04     17.89   36.58   54.47     0.72
 1984    8       26      15.78   17.25   33.04     15.37   33.27   48.64     0.72
 1984    9       22       8.71   13.84   22.55     13.16   28.30   41.46     0.72
 1984   10       20       7.02    1.62    8.64     11.99   23.06   35.05     0.72
 1984   11       21       6.48   14.30   20.78     11.76   18.13   29.89     0.72
 1984   12       22       7.10   14.92   22.03     10.99   15.02   26.01     0.72
 1985    1       25       2.48   15.00   17.48      9.73   13.92   23.65     0.72
 1985    2       19      10.84    8.07   18.91      8.83   12.90   21.73     0.72
 1985    3       17       7.75    5.59   13.34      8.15   11.99   20.15     0.72
 1985    4       22      16.13    6.55   22.68      8.43   11.58   20.01     0.72
 1985    5       21      16.53   14.61   31.13      9.02   11.48   20.50     0.72
 1985    6       11       2.62   24.61   27.23      8.97   10.99   19.96     0.72
 1985    7       22       8.61   24.32   32.92      8.86   10.04   18.90     0.72
 1985    8       28       7.69    5.53   13.22      8.35    9.91   18.26     0.72
 1985    9       17       0.47    3.77    4.24      7.73   10.54   18.27     0.72
 1985   10       23      21.98    1.78   23.76      7.35   10.65   18.00     0.72
 1985   11       26       5.62   11.71   17.34      6.89   10.06   16.94     0.72
 1985   12       27       6.75    5.76   12.51      6.52    8.53   15.05     0.72
 1986    1       27       0.24    1.44    1.69      6.39    6.63   13.02     0.60
 1986    2       24       0.75   18.50   19.25      6.24    5.55   11.79     0.60
 1986    3       21       3.06   10.17   13.23      6.27    5.20   11.47     0.60
 1986    4       23      11.66    4.75   16.41      6.27    5.38   11.66     0.60
 1986    5       21       9.86    2.06   11.91      6.22    5.39   11.61     0.60
 1986    6       17       0.53    0.42    0.95      6.08    4.93   11.01     0.60
 1986    7       17       7.48    3.04   10.52      5.96    4.89   10.85     0.60
 1986    8       27       5.38    0.87    6.24      6.11    4.23   10.34     0.60
 1986    9       22       3.46    0.00    3.46      6.35    3.18    9.53     0.60
 1986   10       24      18.95   10.00   28.95      6.45    3.63   10.08     0.60
 1986   11       23       7.46    3.70   11.17      6.49    4.88   11.37     0.60
 1986   12       25       1.49    2.71    4.20      7.02    5.57   12.59     0.60
 1987    1       27       2.73    3.49    6.22      7.51    6.70   14.21     0.60
 1987    2       23       1.67    0.60    2.27      7.74    8.66   16.40     0.60
 1987    3       22       8.05    2.92   10.96      8.00   10.69   18.69     0.60
 1987    4       26       8.98   22.87   31.85      8.49   12.23   20.72     0.60
 1987    5       26      13.52   13.80   27.32      8.88   14.07   22.95     0.60
 1987    6       24       9.73    5.20   14.93      8.94   16.21   25.15     0.60
 1987    7       24       9.90   25.45   35.35      9.43   18.35   27.78     0.60
 1987    8       27       8.53   25.49   34.02     10.79   20.04   30.83     0.60
 1987    9       21       6.43   24.11   30.54     12.66   21.42   34.08     0.60
 1987   10       23      27.76   22.93   50.69     15.13   22.98   38.10     0.60
 1987   11       20       8.10   34.86   42.96     16.86   24.60   41.46     0.60
 1987   12       25       2.30   22.99   25.30     18.74   27.33   46.07     0.60
 1988    1       26      13.75   34.45   48.21     22.50   29.91   52.41     0.60
 1988    2       25      23.11   10.30   33.41     27.45   31.16   58.60     0.60
 1988    3       19      31.64   26.27   57.92     32.48   33.00   65.48     0.60
 1988    4       25      44.50   36.89   81.38     36.58   35.27   71.85     0.60
 1988    5       24      19.65   38.60   58.25     41.15   36.16   77.31     0.60
 1988    6       20      48.63   46.14   94.77     48.01   38.04   86.05     0.60
 1988    7       14      61.37   46.20  107.57     54.56   41.56   96.12     0.60
 1988    8       27      75.76   34.76  110.51     59.10   45.64  104.74     0.60
 1988    9       12      59.95   59.20  119.15     63.09   49.21  112.30     0.60
 1988   10       22      72.63   42.25  114.87     65.55   51.92  117.46     0.60
 1988   11       25      72.94   36.79  109.73     68.15   54.92  123.07     0.60
 1988   12       30     102.06   66.36  168.42     71.65   59.25  130.90     0.60
 1989    1       21      71.14   75.60  146.74     73.37   63.09  136.46     0.60
 1989    2       21      74.74   66.97  141.71     74.68   66.50  141.18     0.60
 1989    3       25      75.82   55.18  130.99     77.82   69.28  147.09     0.60
 1989    4       25      59.26   73.03  132.29     79.79   71.27  151.06     0.60
 1989    5       18      67.37   74.60  141.97     81.35   73.89  155.25     0.60
 1989    6       14      84.90  113.91  198.81     82.17   75.05  157.22     0.60
 1989    7       24      66.33   70.72  137.05     81.04   76.22  157.26     0.60
 1989    8       25     102.34   92.09  194.42     80.36   77.04  157.40     0.60
 1989    9       25     108.70   68.40  177.10     79.16   78.66  157.82     0.60
 1989   10       23      71.06   80.97  152.03     79.23   80.58  159.81     0.60
 1989   11       22     112.12   60.95  173.07     80.44   80.70  161.14     0.60
 1989   12       25      82.44   70.01  152.45     79.92   78.45  158.36     0.60
 1990    1       24      63.80   99.93  163.73     79.58   76.34  155.92     0.60
 1990    2       15      65.68   62.40  128.08     80.26   77.13  157.39     0.60
 1990    3       25      56.09   98.62  154.70     78.53   77.85  156.38     0.60
 1990    4       20      80.61   75.66  156.27     77.32   79.22  156.54     0.60
 1990    5       20      75.03   74.88  149.91     76.47   81.60  158.06     0.60
 1990    6       17      64.69   59.51  124.20     74.71   82.65  157.35     0.60
 1990    7       23      78.42   74.61  153.03     74.16   82.91  157.06     0.60
 1990    8       29     106.70  107.15  213.85     73.45   86.67  160.13     0.60
 1990    9       19      62.78   70.61  133.39     72.31   91.02  163.32     0.60
 1990   10       23      87.97  111.60  199.57     71.10   93.02  164.12     0.60
 1990   11       22      74.67   87.44  162.11     70.28   94.24  164.52     0.60
 1990   12       28      77.61   68.70  146.31     71.57   95.94  167.51     0.60
 1991    1       26      55.52  107.47  162.99     74.67   98.42  173.09     0.60
 1991    2       26      56.98  145.29  202.27     75.38  100.31  175.69     0.60
 1991    3       15      37.32  119.96  157.28     74.27  102.72  176.99     0.60
 1991    4       19      70.42  102.38  172.80     72.81  103.79  176.60     0.60
 1991    5       24      65.55   77.40  142.95     70.50  103.37  173.87     0.60
 1991    6       19     105.03   97.93  202.96     67.86  105.19  173.05     0.60
 1991    7       21     112.63   95.57  208.20     65.79  106.48  172.26     0.60
 1991    8       20      89.37  131.64  221.01     65.60  104.15  169.75     0.60
 1991    9       14      53.66  103.84  157.50     66.23  100.48  166.71     0.60
 1991   10       13      61.89  104.12  166.02     64.72   97.50  162.22     0.60
 1991   11       24      45.35   84.80  130.15     61.36   95.13  156.49     0.60
 1991   12       25      43.70  115.03  158.74     57.04   90.60  147.64     0.60
 1992    1       26      39.55   92.03  131.58     51.44   85.17  136.61     0.60
 1992    2       25      68.38  104.98  173.35     46.29   78.65  124.94     0.60
 1992    3       15      41.24   72.00  113.24     43.07   72.12  115.18     0.60
 1992    4       22      30.19   78.82  109.01     41.41   68.48  109.89     0.60
 1992    5       21      25.00   44.20   69.20     39.86   66.52  106.38     0.60
 1992    6       13      42.09   22.43   64.52     37.98   63.89  101.88     0.60
 1992    7       22      41.02   40.75   81.76     35.88   59.81   95.68     0.60
 1992    8       26      37.50   29.98   67.48     33.64   55.06   88.71     0.60
 1992    9       27      28.09   48.67   76.76     32.64   50.87   83.50     0.60
 1992   10       17      47.68   71.96  119.65     32.34   47.70   80.04     0.60
 1992   11       24      22.43   69.97   92.40     32.71   44.90   77.61     0.60
 1992   12       26      21.55   66.83   88.38     32.70   43.62   76.32     0.60
 1993    1       19      11.12   42.16   53.27     31.35   43.38   74.73     0.60
 1993    2       27      43.29   41.02   84.31     30.35   42.84   73.18     0.60
 1993    3       26      42.14   35.22   77.35     29.35   40.90   70.25     0.60
 1993    4       22      22.23   39.55   61.77     27.49   37.66   65.15     0.60
 1993    5       20      41.88   16.35   58.23     26.24   33.42   59.66     0.60
 1993    6       21      24.80   19.63   44.43     26.54   28.84   55.37     0.60
 1993    7       11      25.96   37.69   63.65     28.13   25.80   53.93     0.60
 1993    8       15      28.52   20.00   48.52     28.68   23.60   52.28     0.60
 1993    9       17      13.16   12.21   25.38     26.60   21.77   48.38     0.60
 1993   10       20      18.03   30.54   48.57     24.82   19.73   44.55     0.60
 1993   11       23      21.89    9.81   31.70     23.18   17.74   40.92     0.60
 1993   12       23      29.27   16.96   46.23     21.42   16.96   38.39     0.60
 1994    1       25      41.78   19.08   60.86     20.34   15.96   36.30     0.60
 1994    2       25      25.68   11.23   36.91     18.96   15.07   34.03     0.60
 1994    3       23       9.91   21.23   31.15     18.02   15.37   33.40     0.60
 1994    4       29      11.59    4.51   16.10     18.22   15.45   33.67     0.60
 1994    5       23      13.20    3.73   16.93     17.83   15.18   33.01     0.60
 1994    6       15      11.36   13.48   24.84     16.16   15.28   31.43     0.60
 1994    7       26      13.50   19.75   33.25     13.73   15.15   28.87     0.60
 1994    8       29       7.80   16.55   24.35     11.62   15.46   27.08     0.60
 1994    9       19      11.37   22.99   34.36     10.69   16.11   26.80     0.60
 1994   10       17      24.56   21.64   46.20     10.15   16.67   26.82     0.60
 1994   11       22       6.00   12.27   18.27      9.51   17.20   26.71     0.60
 1994   12       27       4.98   16.78   21.76      9.04   16.91   25.96     0.60
 1995    1       29       7.76   16.14   23.90      8.73   15.75   24.49     0.60
 1995    2       22       9.11   21.74   30.85      8.61   14.50   23.11     0.60
 1995    3       18       4.17   26.20   30.37      8.61   13.04   21.66     0.60
 1995    4       21       4.46   13.00   17.46      7.78   11.84   19.62     0.60
 1995    5       20       4.86    8.01   12.87      6.88   11.27   18.15     0.60
 1995    6       12       8.55    2.30   10.85      6.64   10.50   17.14     0.60
 1995    7       18       8.83    3.13   11.97      6.62    9.35   15.97     0.60
 1995    8       30       9.62    3.10   12.72      6.46    7.81   14.27     0.60
 1995    9       21       9.54    1.43   10.97      6.19    5.98   12.17     0.60
 1995   10       23       6.37   14.43   20.79      6.07    4.55   10.62     0.60
 1995   11       27       2.60    5.69    8.29      5.79    3.91    9.70     0.60
 1995   12       31       2.67    4.88    7.55      5.68    3.64    9.32     0.60
 1996    1       29       9.56    0.46   10.01      5.43    3.64    9.07     0.60
 1996    2       22       3.49    0.46    3.95      5.00    3.86    8.86     0.60
 1996    3       23       3.39    3.44    6.83      4.52    4.04    8.56     0.60
 1996    4       24       2.23    1.58    3.80      3.88    3.52    7.40     0.60
 1996    5       23       0.34    3.99    4.33      3.78    3.27    7.05     0.60
 1996    6       18      10.43    0.00   10.43      4.00    3.64    7.64     0.60
 1996    7       23       0.97    5.35    6.31      3.73    3.79    7.52     0.60
 1996    8       22       7.23    6.19   13.42      3.42    3.99    7.41     0.60
 1996    9       21       0.37    2.60    2.97      3.47    4.04    7.52     0.60
 1996   10       22       0.30    0.74    1.04      3.58    4.36    7.94     0.60
 1996   11       20       6.15   13.53   19.68      4.12    4.73    8.85     0.60
 1996   12       29       4.45    5.77   10.22      4.46    4.94    9.40     0.60
 1997    1       30       1.28    3.10    4.38      4.56    5.00    9.56     0.60
 1997    2       27       4.44    2.71    7.16      5.09    4.87    9.96     0.60
 1997    3       24       3.62    2.53    6.15      6.28    5.46   11.74     0.60
 1997    4       20       4.47   10.02   14.49      7.79    6.25   14.03     0.60
 1997    5       20      11.07    4.41   15.48      9.06    6.45   15.50     0.60
 1997    6       18       7.90    4.60   12.50     10.51    6.69   17.20     0.60
 1997    7       23       5.84    2.30    8.14     11.80    7.57   19.37     0.60
 1997    8       25      15.17    6.05   21.22     12.37    9.07   21.45     0.60
 1997    9       18      21.03   16.87   37.90     12.72   11.56   24.28     0.60
 1997   10       29      15.74    5.40   21.14     13.18   14.84   28.03     0.60
 1997   11       21      21.17   13.71   34.89     13.73   17.41   31.14     0.60
 1997   12       20      24.21   11.43   35.64     14.99   19.53   34.52     0.60
 1998    1       24      12.68   18.50   31.18     17.25   22.51   39.76     0.60
 1998    2       23       6.73   23.45   30.18     20.13   25.75   45.88     0.60
 1998    3       23       9.73   41.35   51.08     22.87   28.28   51.15     0.60
 1998    4       16       9.38   50.06   59.44     24.90   29.85   54.75     0.60
 1998    5       19      19.36   25.93   45.28     26.34   31.35   57.69     0.60
 1998    6        6      29.83   34.00   63.83     27.77   33.22   60.99     1.00
 1998    7       12      38.08   44.50   82.58     29.48   34.16   63.65     1.00
 1998    8       13      52.00   41.54   93.54     31.88   34.43   66.31     1.00
 1998    9       12      50.08   42.00   92.08     34.90   34.06   68.96     1.00
 1998   10       14      35.36   18.14   53.50     37.31   33.01   70.33     1.00
 1998   11       23      36.22   36.78   73.00     39.95   33.43   73.38     1.00
 1998   12       20      43.40   33.30   76.70     43.72   35.27   78.99     1.00
 1999    1       26      34.58   19.35   53.92     46.74   36.42   83.16     1.00
 1999    2       21      42.29   29.05   71.33     47.17   36.47   83.64     1.00
 1999    3       13      46.77   26.85   73.62     46.45   35.70   82.15     1.00
 1999    4       12      30.17   39.42   69.58     47.69   36.23   83.92     1.00
 1999    5       18      61.83   46.56  108.39     50.47   38.20   88.67     1.00
 1999    6       13      77.92   57.46  135.38     51.90   39.09   90.99     1.00
 1999    7       15      62.47   48.80  111.27     52.05   40.27   92.32     1.00
 1999    8       20      37.95   38.40   76.35     52.38   43.01   95.39     1.00
 1999    9       14      46.86   26.50   73.36     52.89   46.53   99.43     1.00
 1999   10       20      68.30   46.40  114.70     54.27   49.16  103.43     1.00
 1999   11       20      70.10   55.80  125.90     54.64   49.84  104.49     1.00
 1999   12       25      43.84   35.60   79.44     53.25   49.29  102.54     1.00
 2000    1       21      37.62   45.48   83.10     53.66   50.05  103.70     1.00
 2000    2       24      47.17   68.79  115.96     55.90   52.13  108.03     1.00
 2000    3       19      54.26   71.53  125.79     57.64   53.83  111.47     1.00
 2000    4       16      55.69   57.88  113.56     57.73   54.36  112.09     1.00
 2000    5       17      45.29   44.35   89.65     56.43   53.09  109.52     1.00
 2000    6       11      61.09   46.36  107.45     55.72   51.69  107.41     1.00
 2000    7       15      88.93   78.13  167.07     56.53   50.73  107.26     1.00
 2000    8       11      65.36   59.18  124.55     56.87   49.09  105.95     1.00
 2000    9        6      61.17   46.33  107.50     55.84   46.48  102.33     1.00
 2000   10        0      56.11   39.36   95.47     55.17   44.78   99.95     1.00
 2000   11        0      51.06   32.38   83.43     55.52   43.90   99.42     1.00
 2000   12       10      46.00   25.40   71.40     55.80   42.58   98.38     1.00
 2001    1       15      54.73   32.73   87.47     53.90   40.43   94.32     1.00
 2001    2       18      38.22   42.06   80.28     51.38   38.96   90.35     1.00
 2001    3       17      38.65   35.76   74.41     51.76   39.71   91.47     1.00
 2001    4       18      55.06   52.83  107.89     53.64   41.23   94.88     1.00
 2001    5       17      54.47   28.18   82.65     54.76   42.68   97.44     1.00
 2001    6       10      58.60   30.80   89.40     55.80   44.84  100.63     1.00
 2001    7       22      45.73   42.09   87.82     56.25   47.90  104.16     1.00
 2001    8       12      48.25   60.08  108.33     56.43   50.03  106.46     1.00
 2001    9       13      87.23   63.46  150.69     56.40   51.49  107.89     1.00
 2001   10       16      75.38   58.69  134.06     56.67   52.27  108.94     1.00
 2001   11       23      58.48   47.83  106.30     58.15   53.64  111.80     1.00
 2001   12       22      63.50   61.64  125.14     58.38   57.16  115.54     1.00
 2002    1       26      48.27   70.15  118.42     57.56   59.90  117.46     1.00
 2002    2       21      48.90   55.62  104.52     56.79   60.98  117.76     1.00
 2002    3       22      27.23   57.23   84.45     54.96   62.58  117.54     1.00
 2002    4       18      73.00   50.06  123.06     53.02   63.26  116.28     1.00
 2002    5       20      72.10   64.00  136.10     51.66   62.94  114.60     1.00
 2002    6       13      46.38   79.46  125.85     49.61   62.41  112.01     1.00
 2002    7       21      38.33   59.14   97.48     47.21   61.57  108.78     1.00
 2002    8       23      37.04   68.78  105.83     44.79   60.60  105.39     1.00
 2002    9       13      54.62   93.15  147.77     43.94   58.77  102.71     1.00
 2002   10       21      61.33   45.52  106.86     42.43   57.24   99.67     1.00
 2002   11       18      39.89   53.28   93.17     38.40   55.89   94.29     1.00
 2002   12       20      32.85   43.35   76.20     36.31   52.88   89.19     1.00
 2003    1       25      21.52   68.28   89.80     36.68   48.71   85.39     1.00
 2003    2       18      17.56   34.22   51.78     36.84   45.78   82.62     1.00
 2003    3       20      38.10   34.80   72.90     35.11   42.37   77.48     1.00
 2003    4       14      25.93   35.64   61.57     32.18   40.01   72.19     1.00
 2003    5       11      22.45   46.00   68.45     29.99   38.82   68.80     1.00
 2003    6       10      45.80   25.40   71.20     29.10   36.79   65.89     1.00
 2003    7        4      47.75   13.00   60.75     28.61   34.12   62.73     1.00
 2003    8       14      31.50   44.57   76.07     28.26   32.14   60.39     1.00
 2003    9       17      18.59   35.59   54.18     27.23   31.96   59.19     1.00
 2003   10       19      27.05   46.53   73.58     25.42   31.67   57.10     1.00
 2003   11       11      21.64   23.55   45.18     24.00   31.18   55.18     1.00
 2003   12       24      29.79   24.54   54.33     21.97   31.37   53.35     1.00
 2004    1       26      12.77   22.88   35.65     19.94   32.48   52.42     1.00
 2004    2       25      17.84   32.04   49.88     18.91   32.48   51.39     1.00
 2004    3       18      13.17   32.72   45.89     18.45   31.40   49.85     1.00
 2004    4       24       7.50   30.88   38.38     18.35   30.71   49.06     1.00
 2004    5       14       6.86   38.93   45.79     18.31   30.64   48.95     1.00
 2004    6       15      12.67   37.07   49.73     17.32   30.46   47.78     1.00
 2004    7       25      32.08   28.00   60.08     16.50   30.06   46.56     1.00
 2004    8       17      22.53   29.47   52.00     16.11   29.83   45.94     1.00
 2004    9       16      16.44   24.81   41.25     15.44   29.04   44.48     1.00
 2004   10       11      26.91   40.73   67.64     15.34   27.95   43.29     1.00
 2004   11       21      20.71   27.57   48.29     15.47   27.00   42.47     1.00
 2004   12       22       7.05   16.23   23.27     15.43   25.91   41.35     1.00
 2005    1       24      15.71   21.67   37.38     14.95   24.66   39.61     1.00
 2005    2       18       5.56   27.78   33.33     14.54   23.59   38.14     1.00
 2005    3       17       9.35   18.00   27.35     14.09   23.11   37.20     1.00
 2005    4       21       8.86   19.52   28.38     12.67   21.43   34.10     1.00
 2005    5       19       8.74   27.47   36.21     10.82   19.53   30.35     1.00
 2005    6        8       9.88   22.38   32.25     10.53   19.59   30.12     1.00
 2005    7       13      23.31   12.62   35.92     10.71   19.44   30.15     1.00
 2005    8       21      21.48   19.24   40.71     10.14   17.91   28.05     1.00
 2005    9       18       6.61   23.50   30.11      9.64   16.60   26.24     1.00
 2005   10       13       2.69    1.77    4.46      9.00   16.79   25.79     1.00
 2005   11       24       0.46   20.83   21.29      8.88   17.30   26.18     1.00
 2005   12       28      20.43   24.29   44.71      8.95   16.85   25.80     1.00
 2006    1       22       6.73   10.05   16.77      8.14   16.10   24.24     1.00
 2006    2       16       0.69    2.81    3.50      6.65   15.59   22.25     1.00
 2006    3       25       2.24   11.56   13.80      5.54   14.70   20.24     1.00
 2006    4       17       0.65   30.47   31.12      6.22   14.83   21.05     1.00
 2006    5       12      14.17   28.75   42.92      7.20   15.50   22.70     1.00
 2006    6        8       6.00   10.38   16.38      6.51   14.83   21.34     1.00
 2006    7        7       7.71    6.57   14.29      5.73   14.59   20.32     1.00
 2006    8       15       1.47   13.07   14.53      5.64   15.44   21.08     1.00
 2006    9        7       0.00    8.14    8.14      5.58   15.65   21.23     1.00
 2006   10        0      25.53   20.26   45.79      5.52   14.27   19.79     1.00
 2006   11       12       1.17   18.50   19.67      5.12   12.36   17.49     1.00
 2006   12       16       3.19   10.50   13.69      4.50   11.79   16.29     1.00
 2007    1       22       5.23   18.00   23.23      3.93   12.00   15.93     1.00
 2007    2       21       0.00   15.24   15.24      3.57   11.71   15.28     1.00
 2007    3       22       1.50    4.32    5.82      3.56   11.19   14.75     1.00
 2007    4       17       0.00    4.59    4.59      2.54   10.14   12.68     1.00
 2007    5       22       5.23    8.82   14.05      1.52    8.58   10.10     1.00
 2007    6       20       0.00   16.50   16.50      1.49    7.86    9.36     1.00
 2007    7        8       0.00    5.62    5.62      1.25    7.35    8.60     1.00
 2007    8       24       0.50    7.00    7.50      1.07    6.21    7.29     1.00
 2007    9       15       0.87    1.73    2.60      1.01    5.94    6.95     1.00
 2007   10       19       0.00    1.42    1.42      1.01    6.16    7.17     1.00
 2007   11       20       2.25    0.00    2.25      0.95    5.79    6.74     1.00
 2007   12       22       1.50   11.77   13.27      0.83    5.01    5.84     1.00
 2008    1       22       1.05    4.32    5.36      0.83    4.33    5.16     1.00
 2008    2       23       0.00    1.65    1.65      0.81    3.84    4.66     1.00
 2008    3       24       0.00   11.29   11.29      0.80    3.48    4.27     1.00
 2008    4       17       1.35    3.00    4.35      0.95    3.41    4.36     1.00
 2008    5       14       2.50    1.57    4.07      1.22    3.42    4.64     1.00
 2008    6       14       0.00    4.93    4.93      1.29    2.97    4.25     1.00
 2008    7       25       0.00    0.92    0.92      1.26    2.36    3.62     1.00
 2008    8       20       0.00    0.00    0.00      1.30    2.16    3.46     1.00
 2008    9       15       0.93    0.00    0.93      1.32    1.67    3.00     1.00
 2008   10       21       3.62    1.57    5.19      1.29    1.14    2.43     1.00
 2008   11       21       5.24    0.00    5.24      1.23    1.03    2.26     1.00
 2008   12       24       0.00    0.96    0.96      1.35    0.86    2.21     1.00
 2009    1       19       1.95    0.58    2.53      1.47    0.76    2.23     1.00
 2009    2       18       0.00    0.61    0.61      1.47    0.78    2.25     1.00
 2009    3       21       0.57    0.57    1.14      1.63    0.87    2.50     1.00
 2009    4       23       0.00    1.04    1.04      1.84    0.90    2.73     1.00
 2009    5       16       2.44    0.69    3.12      1.86    0.83    2.69     1.00
 2009    6       12       2.92    1.92    4.83      2.19    1.01    3.20     1.00
 2009    7       10       0.00    1.40    1.40      2.79    1.46    4.26     1.00
 2009    8       22       0.00    0.00    0.00      3.66    2.01    5.67     1.00
 2009    9       15       4.73    2.20    6.93      4.88    2.46    7.33     1.00
 2009   10       18       4.78    0.00    4.78      5.72    2.70    8.42     1.00
 2009   11       16       4.69    0.00    4.69      6.16    2.97    9.13     1.00
 2009   12       26       8.38    5.35   13.73      6.63    3.49   10.11     1.00
 2010    1       27       8.11    6.96   15.07      7.23    4.17   11.40     1.00
 2010    2       15      14.60    7.33   21.93      8.53    4.68   13.21     1.00
 2010    3       18      15.17    4.61   19.78     10.04    5.40   15.44     1.00
 2010    4       17       5.71    2.76    8.47     10.90    6.40   17.30     1.00
 2010    5       21       7.24    5.48   12.71     11.82    7.34   19.16     1.00
 2010    6       18       9.33    9.56   18.89     12.83    7.74   20.57     1.00
 2010    7       21       7.95   10.24   18.19     13.62    7.70   21.32     1.00
 2010    8       23      23.26    3.35   26.61     14.23    8.09   22.32     1.00
 2010    9       21      17.76   16.05   33.81     15.45    9.22   24.67     1.00
 2010   10       17      12.47   10.29   22.76     18.08   10.52   28.60     1.00
 2010   11       22      18.95   12.23   31.18     20.52   11.81   32.33     1.00
 2010   12       25      18.36    2.72   21.08     22.28   13.00   35.27     1.00
 2011    1       29      17.21    8.55   25.76     24.33   13.71   38.03     1.00
 2011    2       21      20.05   15.24   35.29     26.12   14.34   40.46     1.00
 2011    3       24      39.04   23.67   62.71     28.90   15.00   43.90     1.00
 2011    4       20      44.90   15.10   60.00     33.26   16.10   49.36     1.00
 2011    5       14      26.64   23.93   50.57     37.93   17.73   55.66     1.00
 2011    6       12      32.08   19.67   51.75     41.28   20.25   61.53     1.00
 2011    7       19      34.47   17.11   51.58     43.46   22.57   66.03     1.00
 2011    8       22      39.77   11.77   51.55     45.19   23.10   68.29     1.00
 2011    9       21      68.00   23.33   91.33     45.52   23.27   68.79     1.00
 2011   10       19      66.79   29.53   96.32     44.72   23.85   68.57     1.00
 2011   11       19      76.79   32.05  108.84     44.86   24.59   69.45     1.00
 2011   12       23      40.91   43.30   84.22     45.51   26.23   71.73     1.00
 2012    1       21      46.90   23.67   70.57     44.60   29.18   73.79     1.00
 2012    2       18      31.89   12.83   44.72     43.84   32.08   75.92     1.00
 2012    3       19      35.21   30.21   65.42     42.39   34.05   76.44     1.00
 2012    4       19      29.37   22.58   51.95     39.47   35.01   74.49     1.00
 2012    5       23      45.65   34.04   79.70     36.55   35.09   71.64     1.00
 2012    6       15      28.53   48.93   77.47     34.79   33.63   68.43     1.00
 2012    7       20      16.40   58.80   75.20     34.64   32.35   66.99     1.00
 2012    8       29      39.45   39.66   79.10     34.71   32.59   67.30     1.00
 2012    9       24      33.58   42.62   76.21     34.64   32.54   67.18     1.00
 2012   10       26      31.15   33.42   64.58     35.59   33.05   68.64     1.00
 2012   11       20      42.20   30.05   72.25     36.61   34.47   71.08     1.00
 2012   12       23      33.43   10.26   43.70     36.33   34.86   71.19     1.00
 2013    1       28      50.61   25.93   76.54     35.90   34.11   70.00     1.00
 2013    2       22      30.05   16.32   46.36     35.25   34.10   69.35     1.00
 2013    3       25      35.40   25.52   60.92     34.29   33.95   68.25     1.00
 2013    4       20      51.85   39.55   91.40     34.00   34.84   68.84     1.00
 2013    5       27      47.63   51.19   98.81     33.44   37.98   71.42     1.00
 2013    6       17      19.82   41.12   60.94     32.36   42.64   75.00     1.00
 2013    7       20      14.75   48.50   63.25     30.89   47.54   78.42     1.00
 2013    8       25      25.56   49.84   75.40     29.64   52.38   82.02     1.00
 2013    9       20      24.55   28.90   53.45     29.46   57.29   86.75     1.00
 2013   10       18      33.06   68.44  101.50     29.23   59.62   88.84     1.00
 2013   11       23      26.87   70.39   97.26     28.52   60.44   88.96     1.00
 2013   12       22      22.95   81.59  104.55     28.62   61.14   89.76     1.00
 2014    1       28      25.71   72.21   97.93     29.64   61.33   90.98     1.00
 2014    2       20      24.90   86.40  111.30     30.84   61.26   92.10     1.00
 2014    3       20      36.40   73.10  109.50     32.04   62.66   94.70     1.00
 2014    4       24      45.17   47.92   93.08     31.79   63.67   95.45     1.00
 2014    5       24      37.29   62.54   99.83     31.37   62.57   93.94     1.00
 2014    6       19      32.63   46.58   79.21     32.04   60.97   93.01     1.00
 2014    7       20      26.50   47.70   74.20     32.28   59.40   91.68     1.00
 2014    8       21      42.57   48.86   91.43     32.66   55.98   88.64     1.00
 2014    9       21      36.29   63.38   99.67     32.71   51.57   84.29     1.00
 2014   10       20      15.25   58.20   73.45     32.11   49.07   81.18     1.00
 2014   11       19      34.79   54.32   89.11     31.79   47.09   78.88     1.00
 2014   12       25      31.12   59.24   90.36     31.66   45.03   76.69     1.00
 2015    1       27      23.15   57.04   80.19     31.58   43.06   74.64     1.00
 2015    2       21      36.52   19.38   55.90     30.80   40.94   71.74     1.00
 2015    3       20      26.20   34.30   60.50     29.65   38.56   68.21     1.00
 2015    4       19      40.95   26.58   67.53     29.47   35.98   65.45     1.00
 2015    5       24      33.79   36.38   70.17     30.27   32.57   62.84     1.00
 2015    6       16      33.06   23.31   56.38     30.23   29.06   59.28     1.00
 2015    7       18      24.06   23.78   47.83     29.91   25.91   55.81     1.00
 2015    8       19      26.26   22.00   48.26     30.06   24.09   54.14     1.00
 2015    9       14      25.00   33.14   58.14     30.08   22.90   52.98     1.00
 2015   10       21      22.24   26.38   48.62     29.56   20.97   50.53     1.00
 2015   11       18      46.89    4.33   51.22     28.76   19.31   48.07     1.00
 2015   12       24      18.04   24.88   42.92     27.69   17.84   45.53     1.00
 2016    1       25      28.56   15.80   44.36     26.64   16.41   43.05     1.00
 2016    2       21      34.71   16.95   51.67     26.78   15.05   41.83     1.00
 2016    3       22      28.50    8.23   36.73     27.25   13.34   40.59     1.00
 2016    4       15      26.20    6.40   32.60     27.28   11.27   38.55     1.00
 2016    5       19      29.42   16.63   46.05     25.79   10.31   36.10     1.00
 2016    6       15      11.80    7.80   19.60     23.92    9.52   33.44     1.00
 2016    7       18      20.06    4.89   24.94     23.00    8.15   31.14     1.00
 2016    8       22      33.55    8.45   42.00     21.78    6.91   28.69     1.00
 2016    9       14      29.00    5.64   34.64     20.22    6.01   26.24     1.00
 2016   10       16      19.00    4.06   23.06     18.89    5.99   24.88     1.00
 2016   11       19      14.47    3.63   18.11     17.64    5.74   23.38     1.00
 2016   12       25       5.52    6.56   12.08     17.14    4.95   22.09     1.00
 2017    1       29      18.90    1.21   20.10     16.67    4.85   21.52     1.00
 2017    2       26      15.27    1.77   17.04     15.42    5.01   20.43     1.00
 2017    3       23      10.48    2.00   12.48     14.51    5.43   19.93     1.00
 2017    4       21      12.29   12.05   24.33     13.75    6.04   19.79     1.00
 2017    5       22      13.27    4.91   18.18     12.85    6.10   18.95     1.00
 2017    6       19      16.05    0.58   16.63     12.39    5.79   18.18     1.00
 2017    7       24       4.50    9.71   14.21     11.61    5.65   17.26     1.00
 2017    8       19      19.00    7.47   26.47     10.27    5.99   16.25     1.00
 2017    9       19      21.63   16.68   38.32      9.28    6.17   15.45     1.00
 2017   10       12       8.25    7.75   16.00      8.50    5.65   14.15     1.00
 2017   11       25       3.60    1.40    5.00      7.83    5.08   12.91     1.00
 2017   12       27       5.26    1.41    6.67      7.23    4.91   12.14     1.00
 2018    1       27       0.44    2.96    3.41      6.77    4.48   11.25     1.00
 2018    2       24       1.58    8.08    9.67      5.90    4.02    9.92     1.00
 2018    3       23       0.48    0.00    0.48      4.41    3.27    7.68     1.00
 2018    4       19       3.53    1.74    5.26      3.28    2.40    5.68     1.00
 2018    5       18       6.00    1.39    7.39      2.94    2.16    5.09     1.00
 2018    6       18       9.00    0.00    9.00      2.71    2.04    4.75     1.00
 2018    7       22       0.50    0.00    0.50      2.80    1.86    4.65     1.00
 2018    8       23       1.96    6.17    8.13      3.03    1.40    4.43     1.00
 2018    9       13       2.92    0.00    2.92      3.23    1.08    4.31     1.00
 2018   10       21       0.00    3.43    3.43      3.75    1.03    4.77     1.00
 2018   11       21       3.52    0.00    3.52      4.17    0.90    5.07     1.00
 2018   12       18       0.00    0.00    0.00      4.04    0.84    4.88     1.00
 2019    1       28       7.68    0.00    7.68      3.72    0.84    4.56     1.00
 2019    2       19       0.00    0.00    0.00      3.63    0.58    4.22     1.00
 2019    3       23       6.83    0.48    7.30      3.51    0.33    3.84     1.00
 2019    4       19       9.58    0.00    9.58      3.45    0.18    3.64     1.00
 2019    5       25      10.16    0.00   10.16      3.33    0.04    3.37     1.00
 2019    6       13       1.69    0.00    1.69      3.20    0.07    3.27     1.00
 2019    7       11       0.00    0.00    0.00      2.98    0.18    3.17     1.00
 2019    8       24       0.46    0.00    0.46      2.78    0.27    3.06     1.00
 2019    9       23       1.52    0.00    1.52      2.52    0.28    2.80     1.00
 2019   10       15       0.00    0.00    0.00      1.90    0.41    2.31     1.00
 2019   11       21       0.52    0.00    0.52      1.14    0.55    1.69     1.00
 2019   12       18       0.00    0.61    0.61      0.65    0.88    1.52     1.00
 2020    1       20       2.40    2.20    4.60      0.63    1.50    2.13     1.00
 2020    2       22       0.50    0.00    0.50      0.91    1.89    2.80     1.00
 2020    3       20       0.00    0.55    0.55      1.07    1.95    3.03     1.00
 2020    4       23       1.52    3.00    4.52      1.06    2.42    3.48     1.00
 2020    5       20       0.00    0.55    0.55      1.24    3.67    4.91     1.00
 2020    6       16       0.00    7.19    7.19      1.36    5.20    6.56     1.00
 2020    7        9       1.22    7.78    9.00      1.31    6.19    7.50     1.00
 2020    8       29       5.97    1.55    7.52      1.48    6.51    7.99     1.00
 2020    9       17       0.00    0.00    0.00      2.14    6.86    8.99     1.00
 2020   10       19       1.26   11.21   12.47      2.68    7.81   10.49     1.00
 2020   11       20       3.45   18.80   22.25      3.37    8.65   12.02     1.00
 2020   12       25       0.00   18.56   18.56      4.49    8.96   13.45     1.00
 2021    1       21       1.14    8.00    9.14      5.68    9.29   14.96     1.00
 2021    2       25       5.92    1.92    7.84      6.53    9.77   16.30     1.00
 2021    3       21      10.38    6.86   17.24      7.46   11.28   18.74     1.00
 2021    4       25       4.08   19.72   23.80      8.76   12.92   21.69     1.00
 2021    5       17      14.00    3.88   17.88      9.88   13.34   23.22     1.00
 2021    6       17      12.88   11.29   24.18     11.19   14.29   25.48     1.00
 2021    7       22      16.82   11.50   28.32     12.70   16.21   28.91     1.00
 2021    8       18      10.89    9.44   20.33     14.62   17.91   32.53     1.00
 2021    9       12      17.50   28.25   45.75     16.53   19.75   36.28     1.00
 2021   10       19      14.95   22.53   37.47     18.73   20.84   39.57     1.00
 2021   11       25      16.56   17.36   33.92     20.88   22.36   43.24     1.00
 2021   12       26      18.35   42.88   61.23     22.31   24.59   46.90     1.00
 2022    1       27      18.93   29.85   48.78     24.26   26.33   50.59     1.00
 2022    2       24      34.25   20.75   55.00     25.81   28.62   54.43     1.00
 2022    3       24      28.00   32.12   60.12     26.84   30.90   57.74     1.00
 2022    4       19      39.16   20.79   59.95     28.74   31.84   60.58     1.00
 2022    5       18      30.50   39.28   69.78     31.29   31.93   63.22     1.00
 2022    6       20      30.70   29.35   60.05     34.23   32.09   66.32     1.00
 2022    7       21      45.86   35.10   80.95     37.66   32.76   70.42     1.00
 2022    8       16      19.00   40.88   59.88     40.32   34.42   74.74     1.00
 2022    9       18      34.28   51.50   85.78     42.10   36.64   78.73     1.00
 2022   10       15      43.67   21.80   65.47     42.90   39.43   82.33     1.00
 2022   11       18      48.94   20.44   69.39     44.60   40.98   85.58     1.00
 2022   12       26      56.65   43.54  100.19     47.60   42.65   90.25     1.00
 2023    1       26      62.81   45.27  108.08     49.53   45.62   95.15     1.00
 2023    2       22      54.32   45.23   99.55     52.20   46.81   99.01     1.00
 2023    3       20      50.60   60.80  111.40     56.01   46.31  102.32     1.00
 2023    4       21      35.71   59.19   94.90     58.18   46.19  104.37     1.00
 2023    5       21      74.76   38.00  112.76     58.41   47.71  106.11     1.00
 2023    6       13      58.38   70.85  129.23     58.28   49.13  107.42     1.00
 2023    7       24      64.54   64.79  129.33     57.78   49.67  107.45     1.00
 2023    8       25      64.44   39.80  104.24     57.00   50.58  107.59     1.00
 2023    9       23      80.35   40.48  120.83     56.12   50.68  106.80     1.00
 2023   10       25      49.64   29.96   79.60     56.63   50.56  107.20     1.00
 2023   11       21      48.38   48.71   97.10     57.20   52.21  109.41     1.00
 2023   12       28      54.29   49.50  103.79     56.09   54.30  110.39     1.00
 2024    1       24      53.08   52.12  105.21     54.99   56.74  111.73     1.00
 2024    2       18      45.39   60.39  105.78     55.09   61.64  116.74     1.00
 2024    3       23      38.30   47.87   86.17     53.89   67.62  121.51     1.00
 2024    4       18      60.33   69.39  129.72     51.48   73.41  124.89     1.00
 2024    5       19      63.79   67.32  131.11     50.02   78.66  128.68     1.00
 2024    6       16      42.75   91.62  134.38     48.64   82.91  131.55     1.00
 2024    7       17      53.76  102.65  156.41     48.25   85.46  133.71     1.00
 2024    8       22      77.68  119.64  197.32     49.24   85.49  134.73     1.00
 2024    9       19      38.16  104.11  142.26     50.79   85.35  136.14     1.00
 2024   10       15      34.07  105.13  139.20     50.84   85.28  136.12     1.00
 2024   11       20      28.85   99.75  128.60                               1.00
 2024   12       30      40.80  100.30  141.10                               1.00
 2025    1       25      57.16   62.52  119.68                               1.00
 2025    2       26      65.08   50.77  115.85                               1.00
 2025    3       17      55.82   54.12  109.94                               1.00
 2025    4       20      43.95   61.60  105.55                               1.00